1216.005,1221.122,1010.457,706.883,691.585,533.305,509.690,386.448,371.263,548.748,347.282,432.367,70.002,3.693,-61.829,53.763,51.703,-150.319,-196.949,-95.889,-425.318,-382.763,-274.340,-349.439,-61.937,135.068,79.375,87.348,86.106,386.353,245.454,182.246,-21.619,-78.273,-194.908,-146.567,-152.040,-22.281,57.714,85.064,262.022,375.809,422.291,257.758,-23.375,80.553,-119.082,-15.883,100.624,124.421,-5.171,507.306,800.412,806.710,799.664,680.003,520.824,630.750,649.764,557.553,719.876,824.172,856.044,1068.251,1257.195,1364.876,1354.766,1524.640,1190.420,1250.483,1024.655,724.241,532.471,544.003,403.486,321.322,202.272,365.048,437.219,446.766,654.712,214.966,75.647,187.124,217.237,71.360,79.853,217.179,531.761
825.820,727.506,575.528,395.816,365.762,296.596,136.208,94.666,15.231,176.723,120.118,313.760,43.433,-176.293,-209.049,-226.203,-203.323,-228.374,-285.216,-219.249,-531.029,-535.261,-557.152,-613.216,-263.319,-75.136,-132.810,-192.623,-116.719,209.078,70.404,3.459,-206.292,-159.333,-140.620,-32.249,-44.336,147.865,189.846,210.369,355.982,632.862,569.519,340.105,156.652,276.448,207.476,320.668,493.996,603.227,502.031,952.074,1229.077,1181.009,1074.553,932.730,615.253,723.515,749.273,705.532,708.879,639.381,812.646,1052.435,1085.047,1238.890,1170.008,1305.104,854.852,817.658,463.799,240.746,144.560,146.707,9.598,-109.714,-155.165,-81.923,-76.381,-43.385,292.458,-19.280,-134.093,19.931,38.154,-20.359,-22.798,87.470,443.357
616.588,406.568,302.421,203.768,122.759,116.796,-152.313,-99.652,-249.733,-139.939,-63.170,160.795,11.644,-299.276,-291.996,-402.716,-372.962,-229.121,-244.437,-272.770,-495.354,-571.682,-730.138,-726.450,-377.002,-241.275,-255.165,-360.779,-214.863,120.512,4.455,-75.826,-280.278,-141.647,-14.480,122.176,70.872,269.305,276.793,279.480,333.209,776.608,660.094,382.191,311.653,429.262,503.711,589.611,732.035,875.794,818.564,1130.130,1364.583,1222.611,1035.034,887.488,434.376,548.661,593.080,622.238,498.587,270.285,544.223,781.056,654.448,795.734,699.237,842.714,354.798,245.916,-156.752,-241.636,-205.089,-212.910,-301.497,-365.942,-319.805,-323.668,-398.224,-366.345,55.937,-109.498,-155.753,-4.962,36.602,20.844,-35.319,4.693,336.446
611.524,319.647,248.592,143.110,4.366,19.277,-287.878,-155.236,-358.266,-337.709,-188.148,-19.483,-45.685,-372.828,-340.299,-454.325,-435.579,-208.012,-147.211,-290.473,-386.374,-535.637,-781.100,-697.967,-423.686,-356.900,-293.865,-397.155,-201.237,132.384,49.061,-48.711,-230.857,-36.235,143.489,238.639,135.800,292.047,276.883,247.408,201.274,744.106,640.254,352.122,390.024,476.410,661.306,688.349,708.547,799.703,765.483,898.358,1072.246,824.441,584.006,471.449,-53.911,69.677,148.721,258.701,89.006,-221.779,85.351,280.033,41.451,122.979,49.247,228.664,-191.004,-302.130,-640.803,-575.939,-419.789,-423.774,-413.393,-343.865,-197.636,-263.364,-428.585,-432.697,15.931,-38.254,18.621,106.024,189.271,147.980,22.476,-25.221,219.004
728.386,414.178,367.356,180.483,17.672,10.123,-249.674,-74.855,-289.995,-375.699,-232.215,-175.720,-105.450,-387.407,-354.754,-377.588,-382.377,-196.498,-59.988,-288.662,-268.282,-465.249,-710.750,-571.771,-426.142,-410.588,-264.689,-315.545,-97.409,224.119,166.922,50.425,-92.912,112.287,290.435,264.782,125.341,212.829,183.486,113.446,7.082,533.981,487.496,238.437,355.016,380.963,616.587,574.351,418.119,372.370,328.942,287.570,403.535,64.300,-199.485,-229.601,-736.839,-610.723,-483.805,-306.072,-434.208,-717.211,-454.468,-332.738,-601.976,-590.428,-594.461,-384.751,-643.220,-678.282,-854.633,-679.854,-464.059,-439.948,-299.126,-65.509,176.702,55.135,-197.946,-272.867,139.909,129.773,300.198,267.439,379.513,254.755,80.220,-36.588,86.694
839.105,569.520,549.088,267.647,140.435,81.560,-68.181,98.320,-78.243,-250.901,-178.617,-242.984,-123.366,-326.863,-312.259,-193.154,-225.084,-188.093,-11.061,-255.480,-168.894,-372.095,-528.253,-400.909,-391.379,-380.505,-174.628,-145.325,65.159,364.774,314.118,178.881,82.751,256.923,408.070,209.225,68.020,79.980,35.459,-69.553,-176.845,217.096,234.679,67.383,209.614,156.474,382.072,285.904,-35.680,-255.135,-322.881,-494.694,-411.023,-807.191,-1068.597,-988.042,-1384.374,-1267.548,-1091.749,-876.074,-913.892,-1072.580,-918.716,-878.868,-1092.325,-1117.350,-1027.751,-827.105,-883.223,-794.323,-766.304,-552.231,-359.863,-283.802,-20.535,342.560,658.909,476.241,160.673,-5.891,325.769,294.768,557.010,369.123,469.344,242.815,68.021,-68.358,-55.423
846.951,669.954,686.757,370.313,331.422,217.806,190.014,300.882,202.923,-2.789,-32.721,-182.753,-68.845,-187.629,-189.093,53.481,1.150,-150.281,15.882,-162.723,-74.220,-241.298,-253.020,-225.049,-308.382,-244.701,-20.152,80.934,257.351,529.364,464.229,311.930,258.396,372.117,508.675,138.306,34.133,-28.461,-96.524,-215.339,-279.036,-88.077,-32.966,-98.662,4.461,-128.157,46.427,-70.725,-481.392,-836.934,-911.553,-1147.364,-1059.120,-1465.275,-1702.549,-1522.917,-1741.476,-1638.345,-1430.948,-1212.760,-1175.718,-1171.900,-1156.490,-1182.741,-1279.523,-1280.064,-1102.862,-967.047,-850.633,-642.908,-440.552,-255.639,-157.861,-19.263,312.696,718.660,1065.506,813.763,483.848,230.456,465.500,381.162,684.226,340.528,379.615,82.203,-36.531,-130.314,-181.790
739.240,664.639,729.378,478.802,541.079,397.970,449.288,476.440,468.288,297.081,170.969,-8.597,50.093,7.525,13.739,300.571,243.865,-53.755,61.403,7.301,48.805,-52.022,79.627,-61.800,-161.899,-2.194,197.399,328.406,452.852,699.908,610.110,446.279,417.642,456.186,615.105,133.976,94.519,-44.083,-143.199,-246.027,-258.473,-266.532,-211.395,-185.720,-179.408,-370.624,-260.232,-363.819,-752.791,-1139.425,-1176.308,-1408.440,-1289.057,-1653.379,-1846.068,-1621.735,-1643.774,-1541.173,-1335.741,-1143.789,-1103.420,-975.464,-1081.829,-1142.574,-1108.401,-1026.889,-790.304,-764.859,-566.314,-292.573,-1.273,117.218,93.015,282.847,596.760,942.998,1257.234,939.834,654.853,348.419,501.829,375.010,652.276,188.435,133.332,-169.780,-193.527,-193.246,-255.422
588.305,584.033,696.363,596.761,719.887,595.256,651.053,596.285,653.660,567.505,376.506,216.393,186.635,210.886,259.126,486.834,447.461,99.116,156.321,236.616,216.746,194.451,415.538,86.999,47.050,308.971,451.697,554.550,621.624,854.200,745.912,581.836,551.682,514.161,728.500,236.982,271.937,54.436,-73.386,-134.640,-123.737,-260.471,-227.863,-146.206,-267.361,-477.215,-422.137,-490.919,-760.873,-1046.992,-996.825,-1174.632,-1027.842,-1301.732,-1429.000,-1238.431,-1100.508,-969.461,-805.732,-654.956,-700.658,-544.669,-715.004,-778.279,-649.795,-463.220,-200.991,-298.925,-132.484,135.967,415.104,472.417,357.247,565.286,769.928,980.742,1192.369,835.398,646.646,341.691,447.484,319.399,508.462,-12.382,-161.298,-402.085,-326.604,-209.439,-252.434
502.139,507.522,649.007,718.081,824.298,774.673,767.136,662.955,734.869,742.774,525.229,407.691,278.707,366.072,483.225,569.888,569.528,264.164,294.310,465.116,404.196,457.035,687.977,221.229,287.648,611.247,683.731,708.169,726.763,955.262,846.396,698.586,638.606,536.627,807.560,410.473,513.927,225.490,85.472,74.652,67.731,-98.692,-82.241,9.019,-229.720,-406.414,-389.982,-422.124,-531.425,-615.723,-451.303,-550.697,-416.515,-564.051,-607.347,-519.805,-302.033,-113.847,-24.078,83.095,-106.368,-28.687,-185.017,-232.264,-83.704,180.898,445.049,249.425,293.472,502.802,695.283,728.386,601.563,782.704,816.032,872.340,925.964,579.127,512.574,266.388,359.809,273.206,334.989,-168.708,-377.292,-516.559,-373.699,-150.436,-185.881
553.593,503.994,639.363,809.603,821.721,893.274,796.210,695.542,724.933,789.644,575.519,496.481,281.144,429.892,620.137,538.114,591.843,370.879,427.303,609.956,545.639,660.601,834.658,331.401,502.773,810.540,816.947,740.921,732.471,954.844,863.134,749.437,636.454,493.094,778.213,549.397,706.559,380.122,255.419,281.398,231.401,114.481,143.975,203.845,-101.153,-192.489,-204.668,-212.743,-190.921,-48.788,218.167,195.367,255.015,247.230,296.583,253.869,455.062,706.118,707.841,773.665,450.635,386.075,312.943,281.512,364.106,637.893,896.366,653.938,547.374,683.932,766.692,818.304,775.391,888.056,742.500,684.377,562.042,286.621,336.183,187.807,289.661,260.471,191.044,-228.669,-445.951,-489.179,-331.664,-37.396,-111.358
728.508,581.184,668.570,813.971,695.845,906.449,748.533,706.162,653.001,709.677,513.608,455.905,187.260,387.620,628.252,410.504,521.270,356.269,487.034,603.249,565.955,725.494,820.129,398.120,629.847,834.738,791.115,629.190,621.824,814.622,745.997,679.362,501.135,348.434,574.254,535.290,726.788,423.170,342.952,373.852,289.943,246.918,319.334,323.482,31.608,64.640,19.845,20.710,92.169,395.223,715.686,749.933,681.585,797.706,929.104,787.527,892.145,1173.813,1094.396,1117.589,743.411,546.196,591.610,561.695,509.691,710.720,966.727,727.413,515.844,603.834,602.645,694.343,805.681,827.190,555.729,456.711,191.095,38.757,173.314,128.337,238.270,243.608,74.903,-215.795,-399.523,-389.512,-266.338,57.495,-106.458
922.962,673.701,680.078,674.769,452.023,780.886,630.543,682.759,539.065,528.348,351.523,304.437,28.040,254.126,504.734,224.997,381.221,199.147,421.329,428.879,423.511,607.206,653.058,402.303,629.028,669.161,597.302,394.101,413.803,535.003,479.940,462.562,221.784,94.258,188.449,308.454,508.832,300.742,284.718,282.977,205.337,200.634,322.252,265.300,70.194,241.167,148.147,151.051,182.819,517.578,823.753,888.609,679.689,875.541,1053.456,894.727,864.833,1111.801,973.317,947.156,646.092,393.045,547.884,501.994,287.173,356.396,612.273,400.292,183.417,260.532,224.833,343.277,620.498,555.993,255.620,181.440,-149.359,-157.895,21.795,49.968,150.562,140.104,-70.466,-216.066,-353.516,-344.915,-279.038,43.728,-231.671
993.161,677.247,592.345,371.819,120.555,510.536,440.068,590.399,380.690,278.973,116.025,88.080,-148.836,61.894,282.016,21.472,199.147,-64.256,225.043,137.556,141.000,325.193,388.102,339.058,503.611,369.074,292.399,104.420,166.193,172.637,113.519,134.480,-149.492,-225.578,-297.288,-83.600,89.478,30.515,81.247,18.679,-5.401,-42.135,100.652,-9.363,-45.734,244.790,86.373,95.579,36.721,264.243,495.213,566.293,262.508,476.670,644.018,569.837,418.234,558.953,387.634,307.225,194.301,-10.785,207.862,135.759,-220.211,-292.378,-44.580,-240.268,-351.124,-264.362,-293.221,-190.300,195.149,76.489,-145.300,-173.128,-470.339,-356.591,-164.168,-116.796,-48.727,-123.578,-311.083,-323.771,-436.863,-467.066,-445.869,-136.103,-492.597
832.732,510.253,352.266,-53.571,-245.242,128.443,175.469,392.614,160.485,-8.840,-162.983,-145.584,-306.164,-155.758,10.185,-172.187,-3.104,-353.227,-52.127,-170.812,-195.668,-36.466,108.312,225.473,300.672,39.582,-19.246,-145.562,-42.807,-169.403,-243.976,-205.638,-498.161,-516.127,-726.848,-492.842,-394.657,-301.134,-199.100,-330.664,-277.894,-411.171,-298.581,-448.742,-304.681,57.878,-172.631,-148.145,-285.820,-257.753,-135.696,-76.014,-379.611,-206.544,-114.280,-21.503,-242.192,-248.190,-432.664,-557.386,-424.240,-503.914,-281.332,-378.061,-810.562,-979.390,-758.245,-972.604,-901.158,-819.127,-828.355,-790.288,-405.385,-530.348,-593.485,-610.941,-790.925,-613.426,-425.658,-414.792,-396.336,-550.822,-662.743,-576.563,-708.344,-780.661,-763.518,-464.407,-825.150
436.514,168.208,-22.095,-500.652,-578.300,-293.286,-147.740,81.760,-130.216,-310.813,-457.472,-365.980,-433.891,-376.280,-264.063,-344.914,-211.836,-578.949,-326.565,-391.467,-473.251,-360.354,-106.570,96.014,90.153,-210.038,-231.799,-276.813,-148.947,-380.748,-463.855,-431.116,-687.754,-666.006,-931.175,-735.274,-761.507,-575.315,-449.482,-636.412,-527.910,-782.151,-746.475,-925.129,-623.645,-252.596,-543.444,-501.202,-653.166,-836.553,-823.252,-785.112,-978.384,-883.217,-916.560,-624.985,-847.054,-981.222,-1171.560,-1305.696,-948.338,-890.354,-712.179,-822.666,-1245.207,-1430.613,-1255.873,-1521.342,-1257.382,-1222.782,-1227.426,-1284.689,-1019.542,-1103.210,-982.941,-1066.469,-1092.683,-925.869,-748.873,-809.346,-844.984,-1043.988,-1056.146,-917.923,-1107.271,-1194.970,-1134.085,-841.919,-1114.939
-84.252,-260.833,-435.924,-842.564,-813.842,-659.522,-485.420,-299.859,-467.149,-601.670,-738.593,-561.903,-546.075,-588.740,-511.038,-497.546,-417.593,-686.433,-520.357,-464.816,-605.062,-546.015,-212.512,-13.220,-67.827,-316.143,-289.553,-265.712,-135.714,-396.219,-461.700,-449.528,-625.803,-601.990,-809.995,-683.630,-866.101,-693.894,-574.043,-787.903,-686.220,-1034.730,-1088.391,-1286.178,-884.018,-563.961,-884.733,-836.840,-924.452,-1253.820,-1322.825,-1310.319,-1313.790,-1297.850,-1472.508,-1011.365,-1179.152,-1363.018,-1563.628,-1649.193,-1157.463,-1019.560,-905.067,-1015.628,-1348.262,-1468.673,-1347.895,-1667.434,-1269.900,-1326.113,-1350.187,-1497.789,-1434.930,-1445.605,-1179.772,-1406.607,-1303.280,-1208.552,-1047.465,-1179.397,-1262.025,-1427.717,-1351.493,-1211.632,-1469.352,-1537.218,-1401.844,-1124.390,-1244.496
-545.926,-630.557,-755.534,-978.337,-908.231,-881.561,-769.473,-663.366,-786.088,-848.539,-971.592,-730.025,-661.656,-785.676,-719.053,-632.733,-609.303,-680.384,-598.849,-406.234,-574.710,-555.227,-218.899,-82.872,-150.765,-289.361,-216.558,-160.959,-48.124,-234.607,-250.335,-258.111,-321.684,-335.076,-392.555,-340.245,-671.424,-624.677,-533.766,-742.833,-725.210,-1105.676,-1213.148,-1419.972,-986.204,-752.426,-1061.627,-1033.354,-1009.911,-1376.768,-1490.635,-1503.493,-1304.878,-1335.617,-1621.518,-1067.898,-1155.533,-1281.602,-1502.847,-1476.582,-969.296,-848.293,-785.504,-884.925,-1080.585,-1086.256,-1006.434,-1341.777,-914.216,-1072.832,-1125.808,-1323.872,-1474.955,-1406.230,-1079.362,-1484.233,-1325.092,-1326.311,-1193.226,-1362.458,-1479.745,-1521.603,-1400.255,-1304.602,-1603.707,-1633.830,-1426.707,-1187.482,-1146.703
-775.774,-804.700,-871.868,-879.602,-854.189,-910.098,-930.617,-904.116,-1001.725,-1012.154,-1115.980,-860.325,-782.519,-953.221,-885.412,-746.406,-771.598,-620.880,-585.714,-298.554,-445.136,-429.095,-181.821,-120.374,-181.921,-206.295,-106.165,-64.355,24.509,0.051,50.452,40.135,98.770,30.115,158.273,150.941,-271.218,-416.617,-365.985,-545.464,-665.845,-1011.303,-1101.211,-1302.841,-896.015,-747.672,-1004.835,-1023.003,-901.971,-1202.119,-1326.485,-1361.221,-1025.089,-1052.684,-1379.214,-828.712,-841.952,-823.968,-1074.431,-896.621,-474.978,-457.120,-415.107,-495.222,-554.811,-445.945,-376.676,-659.912,-310.417,-533.859,-598.243,-788.558,-1087.478,-958.139,-668.727,-1218.213,-1095.043,-1169.480,-1081.960,-1233.950,-1375.263,-1228.977,-1123.996,-1106.956,-1392.869,-1398.918,-1157.743,-988.147,-838.090
-693.880,-724.705,-756.699,-608.463,-685.870,-757.834,-929.702,-947.281,-1045.786,-1058.486,-1135.152,-930.101,-883.646,-1067.294,-1005.123,-825.569,-887.484,-589.924,-546.558,-248.700,-325.851,-266.793,-174.425,-154.640,-213.975,-167.161,-72.831,-81.093,-8.158,161.000,260.290,274.927,437.874,333.750,608.028,564.557,149.227,-177.100,-167.214,-303.990,-562.858,-829.830,-828.651,-1006.446,-659.512,-561.746,-739.203,-816.146,-665.844,-836.881,-947.201,-998.100,-642.798,-624.954,-902.491,-437.345,-400.998,-218.943,-498.580,-180.028,104.959,-13.829,38.413,-13.613,15.970,193.467,285.353,121.311,317.923,106.634,68.129,-61.368,-387.977,-232.716,-56.342,-654.160,-639.399,-728.727,-698.593,-779.327,-938.938,-596.193,-567.699,-646.726,-862.952,-883.724,-667.514,-590.426,-414.601
-352.792,-441.436,-481.060,-295.461,-470.043,-499.817,-780.747,-785.557,-904.686,-975.581,-1012.466,-911.479,-922.241,-1099.180,-1065.122,-852.834,-944.307,-645.056,-548.901,-328.988,-313.606,-174.902,-247.259,-216.904,-296.217,-240.212,-189.299,-262.719,-188.194,128.254,223.841,288.454,514.981,432.865,754.437,699.915,397.707,-21.435,-46.702,-138.111,-476.059,-655.072,-525.771,-660.505,-378.785,-279.224,-369.138,-491.469,-398.624,-432.738,-513.484,-574.204,-325.156,-248.743,-399.543,-67.065,-6.385,278.093,-17.689,370.235,523.433,300.405,378.897,368.263,413.177,591.094,722.526,709.814,732.477,616.108,637.473,597.960,372.857,518.359,556.015,34.050,-86.029,-123.022,-142.595,-117.770,-292.978,191.665,104.352,-67.950,-184.591,-259.595,-126.447,-140.456,-10.695
85.492,-93.506,-184.336,-85.300,-284.659,-247.788,-550.887,-487.965,-634.435,-785.171,-764.682,-787.704,-860.660,-1027.514,-1047.296,-814.006,-938.267,-783.510,-619.617,-533.060,-436.999,-211.756,-397.488,-317.518,-442.334,-421.634,-441.797,-572.435,-479.599,-128.239,-104.981,18.872,258.383,272.983,524.645,481.272,365.376,-18.101,-72.554,-122.136,-441.562,-546.970,-312.062,-389.652,-160.997,-14.534,-28.841,-158.533,-180.200,-111.586,-152.679,-218.641,-158.121,-47.119,-33.926,158.568,231.858,500.252,215.576,557.230,619.783,369.370,471.081,519.023,508.208,627.016,785.736,902.125,780.617,807.593,894.415,944.086,910.430,1024.523,954.818,611.489,381.038,441.790,405.547,540.041,353.876,882.013,673.150,430.191,399.684,259.021,272.979,198.901,259.018
424.619,158.062,-7.973,-73.841,-191.347,-106.280,-333.421,-172.179,-340.892,-539.783,-442.929,-567.281,-689.247,-849.572,-937.807,-703.855,-873.657,-935.914,-723.290,-770.594,-635.040,-354.828,-562.879,-431.950,-616.098,-632.496,-728.323,-893.128,-775.582,-524.886,-624.888,-455.976,-247.355,-77.928,17.163,0.987,78.994,-155.649,-236.313,-250.642,-456.147,-504.837,-240.516,-255.971,-66.690,141.911,178.269,89.269,-40.787,80.417,84.150,13.399,-121.737,-27.191,132.070,207.973,297.756,429.888,195.480,371.216,389.564,189.740,299.848,420.279,314.739,348.079,493.710,669.537,463.025,622.807,741.191,856.594,1032.494,1117.089,1013.397,888.722,606.235,767.483,763.960,982.627,796.357,1261.877,960.869,684.379,687.369,513.744,405.831,322.302,347.550
524.805,206.811,-26.487,-264.766,-211.745,-127.742,-204.793,48.452,-131.880,-303.582,-117.232,-286.038,-435.095,-585.314,-736.696,-527.174,-756.952,-994.362,-774.808,-906.195,-783.075,-508.649,-645.510,-505.407,-743.513,-755.689,-903.665,-1077.496,-942.462,-895.492,-1120.013,-941.093,-787.347,-453.496,-535.506,-518.446,-310.749,-347.200,-453.490,-442.553,-481.283,-475.998,-278.782,-235.779,-83.576,162.443,222.211,210.071,41.051,172.018,216.020,135.832,-126.539,-102.932,135.132,132.819,248.624,181.750,42.127,-22.388,-20.957,-132.509,-28.241,164.406,-25.739,-63.241,16.757,166.521,-64.218,164.109,252.369,402.025,729.136,809.947,756.617,813.162,542.045,762.598,835.399,1092.346,923.515,1249.838,910.836,642.635,611.389,473.794,273.140,228.257,289.913
365.630,51.358,-210.462,-565.903,-317.319,-286.651,-186.568,117.821,-64.266,-124.968,150.001,5.312,-151.194,-272.167,-462.183,-295.984,-590.233,-862.739,-681.783,-825.215,-754.912,-550.859,-556.075,-476.170,-746.496,-695.066,-850.411,-1017.519,-880.758,-1065.212,-1353.644,-1207.327,-1108.609,-662.638,-869.321,-827.082,-599.907,-470.995,-600.716,-581.016,-464.152,-393.195,-334.993,-241.515,-138.722,87.875,151.978,222.536,112.941,227.574,290.432,192.393,-83.554,-162.797,62.317,21.514,163.439,-74.648,-80.641,-377.775,-391.075,-434.632,-341.076,-98.889,-317.267,-380.765,-407.376,-343.577,-557.140,-344.922,-345.836,-188.201,179.386,296.246,353.604,494.974,277.829,491.623,653.802,895.456,764.454,927.438,610.620,385.564,270.235,243.815,-1.088,14.479,178.093
50.842,-205.483,-440.474,-827.327,-437.994,-486.167,-233.024,62.939,-114.139,-15.138,328.744,261.409,107.779,46.069,-147.789,-26.349,-369.974,-505.893,-396.259,-494.510,-490.387,-394.678,-259.252,-307.525,-582.026,-427.071,-540.738,-699.156,-574.230,-932.983,-1180.610,-1097.650,-1036.978,-578.711,-809.290,-765.574,-627.358,-428.561,-572.968,-569.804,-365.412,-219.000,-313.052,-176.320,-142.021,-0.499,63.194,186.779,212.634,296.861,337.616,212.858,35.429,-140.167,-9.809,-54.966,93.648,-207.950,-60.974,-495.737,-534.122,-573.548,-486.843,-239.197,-405.870,-443.174,-585.774,-611.720,-792.511,-657.496,-770.054,-619.812,-332.656,-142.481,36.383,150.213,-2.734,144.037,364.675,541.373,465.339,493.914,245.405,82.079,-123.196,4.520,-233.698,-175.053,110.279
-246.197,-408.354,-565.494,-904.599,-487.932,-597.266,-253.215,-21.636,-188.015,54.725,430.987,458.624,308.836,329.939,165.512,261.923,-94.441,25.787,50.847,12.889,-33.488,-37.150,201.088,-12.634,-267.515,-18.464,-57.222,-214.273,-102.469,-522.217,-623.587,-605.731,-562.369,-200.805,-351.007,-340.917,-350.534,-193.747,-334.764,-379.882,-180.925,27.387,-167.467,7.983,-37.699,-26.652,45.378,168.423,341.985,383.908,349.686,192.616,181.353,-47.630,-53.571,-75.643,43.149,-184.421,103.160,-318.615,-384.933,-490.452,-407.354,-207.195,-252.541,-227.891,-457.866,-517.672,-668.315,-617.379,-808.446,-672.440,-553.242,-272.949,-17.438,-11.556,-117.150,-63.974,147.457,221.810,209.524,166.523,4.509,-97.883,-348.740,-82.834,-275.373,-224.082,140.518
-369.031,-426.258,-477.213,-719.646,-399.745,-515.399,-158.752,-24.386,-172.098,134.275,499.022,598.270,449.815,549.855,437.825,542.426,222.953,608.576,551.550,543.244,479.854,431.223,709.709,341.124,120.335,399.311,439.055,277.339,389.916,25.960,126.404,112.596,150.562,343.253,336.040,277.064,134.882,170.120,58.225,-65.160,52.105,275.309,70.810,280.316,163.364,40.757,135.389,204.001,464.348,450.341,294.797,105.367,261.741,40.173,-89.433,-67.321,-16.361,-67.336,312.555,52.154,-24.816,-233.989,-163.143,-52.217,51.983,143.819,-117.283,-121.715,-248.819,-234.486,-422.789,-305.255,-379.302,-24.770,222.497,103.577,17.095,-4.395,119.882,72.464,122.495,76.288,-11.692,-68.812,-288.017,41.176,-85.884,-101.419,253.988
-254.327,-217.302,-164.157,-293.554,-154.189,-210.373,85.787,122.419,4.220,261.697,577.669,695.555,549.823,685.957,636.308,779.500,542.521,1089.615,960.184,927.095,879.909,861.326,1119.252,652.589,473.149,686.761,778.438,617.852,753.244,514.543,788.988,802.555,833.364,853.994,985.045,836.143,639.650,533.311,477.422,258.873,266.989,436.460,310.049,543.390,387.398,174.797,299.526,283.998,525.030,447.054,153.016,-63.405,201.983,40.379,-154.250,-75.334,-110.179,36.074,433.033,420.329,365.696,67.565,101.266,110.872,336.773,471.304,241.103,370.673,267.933,316.405,228.102,322.043,96.785,475.991,621.809,426.871,335.055,293.218,275.509,109.180,211.375,211.297,162.995,130.576,19.625,306.865,246.457,126.980,379.275
38.566,149.539,280.218,261.407,206.897,253.519,435.980,402.873,323.695,435.560,685.052,762.107,628.106,726.019,738.165,930.643,798.772,1343.732,1152.939,1053.183,1039.349,1108.907,1305.047,824.457,692.348,756.191,856.805,719.019,893.426,777.973,1117.437,1219.668,1233.148,1149.545,1351.500,1118.843,967.574,753.182,771.868,463.141,392.125,448.751,445.292,683.447,535.414,307.828,451.877,360.343,482.020,351.651,-53.118,-287.626,-3.663,-81.971,-263.693,-128.824,-231.529,45.076,379.603,603.809,600.274,270.457,233.627,166.613,439.120,575.988,421.930,713.402,645.590,776.572,859.282,925.687,640.423,973.163,951.904,768.540,657.092,657.146,488.972,231.799,370.298,435.027,385.877,363.129,401.988,556.201,550.721,335.988,429.740
357.832,525.169,698.482,785.336,590.913,738.020,779.982,719.874,680.550,607.453,798.267,793.960,685.598,666.095,732.583,956.763,917.234,1318.307,1079.749,915.691,930.066,1096.843,1212.523,802.022,725.705,605.952,677.991,594.636,805.129,752.826,1007.627,1233.907,1223.154,1143.578,1318.896,1038.907,1002.250,734.656,829.224,457.949,378.008,306.768,411.895,630.303,534.771,369.194,498.567,373.093,329.521,187.275,-256.632,-498.497,-281.801,-288.912,-394.363,-222.065,-338.542,-48.080,170.134,529.929,578.629,284.455,152.917,61.572,287.548,389.963,327.810,742.116,722.599,927.255,1193.764,1235.625,998.055,1213.789,1013.810,926.188,787.379,867.610,587.474,291.933,447.551,568.216,487.151,470.181,645.950,629.073,660.786,408.166,351.318
533.473,748.092,938.901,1130.274,885.679,1085.094,986.700,940.139,927.110,701.948,862.936,773.404,701.668,515.568,623.494,838.121,843.533,1047.777,784.112,612.046,632.673,846.967,877.287,595.822,583.293,313.807,344.818,343.164,563.385,498.422,540.994,880.434,851.942,875.089,941.478,671.355,753.509,471.168,621.123,228.373,215.989,63.254,216.997,395.735,377.451,322.260,385.356,282.126,101.832,11.082,-377.499,-613.889,-516.410,-489.338,-496.147,-320.916,-379.278,-180.211,-81.717,268.374,331.556,113.789,-108.852,-167.180,-61.675,-11.146,7.014,454.193,488.473,696.997,1095.371,1126.443,1026.057,1079.616,749.962,800.829,626.047,779.740,450.623,185.825,336.959,489.803,364.504,358.536,608.571,449.300,499.351,293.845,151.407
459.535,716.905,920.716,1211.367,1000.522,1182.162,967.791,960.331,946.389,655.780,822.806,684.119,648.833,303.445,432.834,588.895,572.397,633.639,381.897,292.803,294.502,467.082,409.919,278.045,327.472,-4.961,4.872,91.391,280.403,159.328,-58.541,334.925,309.531,478.150,406.762,204.568,343.820,48.323,213.868,-161.649,-58.107,-198.173,-66.497,69.569,124.913,181.411,125.331,88.154,-143.530,-120.143,-370.229,-583.681,-611.082,-590.768,-525.078,-387.169,-328.243,-262.946,-230.189,-12.748,-0.994,-148.448,-422.696,-411.269,-452.069,-446.197,-372.668,7.476,86.229,199.014,634.345,675.688,758.234,647.724,282.273,455.741,232.714,408.135,84.067,-80.392,42.730,202.960,40.181,51.443,290.284,65.569,115.871,33.334,-105.881
145.556,434.639,665.744,1030.921,901.553,1009.939,723.501,761.471,714.649,456.731,654.206,530.029,516.494,79.483,201.255,261.713,161.389,201.057,9.889,88.760,57.652,100.431,-47.379,-45.774,43.714,-252.000,-220.676,-70.533,50.801,-109.381,-531.803,-172.049,-169.964,109.953,-60.379,-158.392,-55.763,-391.063,-259.258,-596.178,-376.202,-403.674,-338.573,-224.874,-122.945,1.204,-205.981,-166.547,-353.328,-185.538,-258.604,-424.120,-541.490,-552.250,-474.034,-403.255,-209.988,-242.292,-181.899,-141.621,-244.903,-368.046,-627.932,-546.820,-704.011,-717.767,-610.116,-360.825,-260.034,-321.459,51.911,120.146,377.684,147.759,-147.395,83.834,-196.746,-75.027,-374.778,-390.435,-318.692,-168.775,-349.902,-323.144,-166.626,-373.147,-339.981,-268.941,-334.705
-285.807,6.556,284.267,669.438,626.868,651.418,349.149,424.013,321.449,161.033,386.606,344.946,328.141,-95.038,-17.463,-63.243,-280.636,-147.738,-231.118,51.284,-6.844,-137.600,-373.521,-277.426,-193.108,-385.457,-289.684,-129.093,-87.366,-215.608,-703.070,-458.827,-419.207,-124.771,-303.228,-298.207,-307.056,-705.071,-651.421,-952.067,-660.816,-521.490,-521.630,-392.807,-278.377,-155.029,-504.530,-416.926,-501.497,-214.316,-133.859,-218.800,-368.472,-407.639,-380.332,-381.124,-92.768,-135.414,46.434,-36.634,-280.225,-435.064,-613.253,-497.455,-702.427,-708.258,-573.537,-453.991,-356.735,-605.498,-359.634,-267.276,109.875,-162.157,-305.786,-100.332,-431.706,-429.898,-724.501,-583.643,-581.653,-452.437,-629.236,-600.399,-552.171,-693.548,-694.236,-502.591,-473.291
-652.289,-405.026,-75.042,251.092,274.683,257.554,-2.325,95.077,-64.909,-122.305,97.054,184.751,139.400,-166.509,-169.598,-302.793,-629.074,-363.767,-312.373,134.601,73.329,-205.714,-509.050,-361.777,-342.129,-426.849,-248.511,-143.185,-158.360,-166.386,-553.265,-465.537,-407.589,-215.330,-297.567,-229.053,-364.044,-808.725,-858.340,-1142.549,-849.767,-569.631,-594.404,-414.873,-309.376,-249.160,-683.488,-603.270,-595.567,-268.591,-112.669,-81.943,-204.460,-246.064,-304.252,-350.435,-53.374,-22.503,330.074,249.976,-98.314,-314.913,-372.673,-272.279,-451.514,-435.827,-268.106,-214.512,-136.739,-507.019,-401.820,-316.743,95.748,-135.132,-98.314,14.966,-334.076,-479.695,-806.220,-550.279,-624.955,-524.497,-676.885,-666.183,-696.012,-784.593,-833.658,-608.982,-515.516
-790.784,-646.675,-286.121,-100.456,-31.954,-15.493,-185.189,-77.072,-271.552,-275.441,-120.373,104.040,15.305,-110.920,-218.974,-399.928,-789.651,-455.284,-277.437,227.164,194.224,-145.638,-469.282,-303.278,-401.602,-435.604,-196.684,-200.429,-221.924,-51.229,-214.606,-264.679,-238.821,-234.600,-147.026,-77.947,-283.336,-704.168,-853.777,-1142.796,-913.909,-596.540,-593.409,-354.076,-253.487,-286.233,-708.907,-694.649,-664.328,-403.710,-274.711,-101.094,-151.967,-160.973,-291.168,-335.011,-132.297,1.408,498.523,560.338,199.088,-61.445,-8.662,39.607,-70.216,-43.545,165.011,247.011,307.148,-65.296,-67.416,-45.400,313.922,184.024,370.395,367.525,57.928,-211.016,-591.659,-302.066,-443.999,-382.940,-494.851,-517.524,-552.261,-649.314,-755.836,-606.743,-511.001
-625.372,-631.311,-290.146,-299.243,-190.657,-70.053,-123.265,-10.159,-199.796,-224.250,-195.772,128.931,-2.057,52.555,-161.450,-344.971,-735.032,-468.163,-209.811,214.496,234.568,-52.382,-327.536,-157.943,-397.383,-468.304,-227.722,-359.540,-331.083,15.126,106.657,-9.984,-82.571,-286.267,-16.956,-8.222,-184.098,-473.006,-690.878,-989.575,-862.181,-646.869,-583.186,-318.777,-194.709,-307.138,-609.519,-696.974,-734.718,-628.756,-612.893,-289.022,-247.947,-196.786,-340.889,-334.073,-305.556,-113.884,425.300,714.375,455.257,212.097,318.109,313.745,267.747,271.649,517.300,706.039,766.682,512.344,458.181,356.337,594.036,581.451,841.446,745.712,538.082,212.857,-203.750,23.981,-159.777,-151.803,-209.597,-263.638,-218.613,-395.722,-559.624,-571.701,-533.367
-195.490,-364.554,-107.080,-316.127,-157.580,96.046,158.768,275.129,129.243,25.689,-115.017,241.232,82.546,265.161,-28.529,-178.699,-514.836,-455.402,-186.546,40.664,119.790,-22.843,-178.386,-6.172,-363.754,-546.064,-377.821,-610.801,-498.293,-41.718,237.723,146.401,-79.198,-440.610,-43.810,-128.898,-180.329,-235.567,-470.978,-758.247,-733.214,-731.953,-613.513,-400.955,-215.769,-360.849,-458.118,-643.380,-811.458,-890.812,-1024.753,-571.222,-444.107,-323.277,-404.280,-321.598,-491.243,-338.099,97.251,603.520,537.764,387.831,466.165,449.979,417.955,354.342,614.489,933.157,1017.769,948.944,891.360,627.593,713.498,788.972,1032.191,898.785,832.740,535.975,144.012,234.128,43.101,-13.751,-5.448,-66.585,118.658,-173.389,-383.191,-583.478,-633.582
365.409,66.972,185.587,-177.258,37.525,394.376,548.729,665.178,583.865,387.740,73.979,383.886,216.657,450.353,123.684,24.757,-233.488,-451.202,-241.619,-262.645,-141.227,-108.806,-98.054,80.800,-327.188,-646.797,-608.083,-875.943,-687.404,-216.706,122.288,125.764,-267.734,-693.559,-266.391,-436.593,-320.445,-96.198,-295.346,-529.007,-577.778,-821.197,-688.124,-622.244,-350.988,-472.185,-335.539,-573.640,-870.993,-1093.942,-1352.838,-817.554,-633.258,-452.087,-411.251,-265.280,-589.637,-570.798,-374.010,245.832,400.849,395.878,378.632,416.367,331.145,163.488,400.491,803.324,925.769,1028.880,991.883,574.441,524.510,630.305,785.609,675.175,743.616,548.078,259.386,183.923,17.973,-105.764,-24.151,-52.761,283.876,-90.894,-324.544,-669.897,-803.746
887.964,535.624,492.217,53.384,305.288,688.849,897.374,1004.594,980.900,729.230,283.387,486.344,324.743,545.217,236.991,188.147,-5.260,-460.366,-355.786,-592.862,-463.521,-296.030,-118.071,66.860,-299.626,-723.826,-827.085,-1046.888,-833.900,-431.696,-160.552,-49.569,-572.084,-969.195,-611.148,-817.829,-563.660,-99.287,-221.973,-357.172,-439.489,-858.772,-762.388,-916.615,-564.809,-623.447,-295.450,-514.356,-873.307,-1144.764,-1456.241,-903.681,-706.926,-486.370,-315.200,-153.533,-536.400,-693.348,-805.176,-224.675,101.138,240.086,104.892,256.207,69.275,-211.836,-37.208,352.160,505.854,697.516,680.070,170.458,41.712,120.585,159.650,113.528,257.800,203.130,75.585,-135.895,-257.237,-434.435,-283.711,-242.078,203.158,-158.743,-388.039,-782.088,-971.951
1234.195,921.229,736.418,298.952,534.131,856.129,1081.620,1163.441,1166.011,927.066,424.917,497.424,346.279,527.000,275.501,261.214,93.369,-464.720,-474.718,-828.705,-730.960,-516.670,-220.726,-39.829,-281.252,-737.363,-939.428,-1041.893,-880.629,-581.337,-447.051,-281.198,-848.250,-1161.676,-934.622,-1107.872,-803.092,-215.191,-246.204,-258.952,-341.526,-796.220,-770.955,-1159.881,-767.808,-760.552,-346.098,-470.223,-785.472,-1001.454,-1278.423,-772.262,-613.220,-376.413,-128.124,-12.831,-339.953,-634.187,-1031.164,-626.679,-237.576,-12.809,-229.999,57.325,-233.330,-599.269,-511.599,-245.803,-88.402,82.617,71.986,-430.489,-557.658,-534.620,-592.386,-565.120,-434.939,-347.380,-308.658,-582.507,-656.931,-858.754,-660.666,-532.783,-59.413,-287.955,-485.708,-816.562,-1033.092
1344.982,1148.239,881.300,493.681,635.811,836.200,1051.703,1089.245,1077.381,918.285,447.292,408.768,267.136,421.570,240.411,237.650,52.540,-439.953,-542.613,-889.720,-853.340,-685.498,-354.604,-195.699,-267.638,-679.113,-893.567,-848.766,-808.746,-591.878,-579.340,-453.717,-963.811,-1192.009,-1097.736,-1174.131,-922.113,-361.213,-312.524,-216.441,-284.192,-623.244,-669.681,-1231.899,-862.539,-820.923,-455.424,-429.870,-604.564,-700.447,-877.448,-463.528,-384.769,-150.952,75.398,97.515,-81.740,-410.879,-984.861,-820.683,-488.752,-271.316,-489.857,-97.357,-440.900,-827.283,-825.826,-762.471,-638.939,-569.690,-581.887,-973.413,-1021.640,-1041.305,-1142.671,-1063.191,-1029.827,-827.171,-676.670,-926.197,-964.296,-1153.514,-947.412,-751.003,-338.349,-344.221,-492.219,-674.456,-901.865
1250.233,1200.075,928.604,599.743,580.346,651.771,842.866,821.451,764.535,722.574,354.203,256.726,126.982,289.178,167.634,152.260,-73.391,-372.535,-531.869,-772.606,-805.849,-740.013,-460.576,-342.637,-255.187,-575.797,-704.554,-532.421,-647.428,-460.649,-487.335,-494.499,-866.207,-1048.761,-1032.983,-981.609,-854.748,-446.584,-350.220,-196.981,-253.291,-380.171,-468.163,-1080.079,-795.913,-768.390,-574.003,-381.347,-367.708,-346.209,-403.111,-100.017,-123.149,92.908,190.383,112.923,122.265,-124.753,-725.523,-772.315,-581.938,-462.629,-591.390,-170.157,-481.236,-804.118,-862.967,-1020.153,-960.584,-1009.666,-1019.831,-1229.801,-1152.244,-1166.689,-1249.561,-1156.405,-1256.535,-977.664,-806.094,-966.321,-980.871,-1123.503,-957.011,-740.341,-455.860,-227.645,-322.988,-326.500,-561.975
1042.176,1110.624,903.479,613.918,406.047,390.603,549.984,465.102,356.834,427.565,195.709,102.051,-1.899,194.257,108.961,61.072,-196.992,-268.259,-453.533,-547.120,-632.365,-665.031,-496.041,-431.192,-241.840,-470.841,-442.192,-203.541,-458.222,-255.777,-220.692,-404.224,-605.323,-792.288,-772.343,-609.029,-620.065,-419.471,-314.714,-176.163,-234.319,-145.247,-234.136,-751.472,-590.919,-616.156,-662.111,-326.848,-143.221,-68.239,-31.731,167.259,50.879,236.263,134.511,-0.573,179.415,90.050,-402.366,-559.102,-527.064,-559.090,-535.559,-178.721,-372.185,-553.710,-632.416,-962.892,-974.324,-1091.979,-1089.721,-1106.530,-905.882,-857.785,-875.465,-808.833,-1013.715,-695.379,-587.586,-638.044,-633.154,-710.236,-622.371,-445.725,-316.530,65.544,7.892,152.816,-86.217
827.959,941.733,836.721,563.718,200.935,161.867,280.678,139.643,0.252,145.587,39.545,-1.398,-53.366,174.277,105.802,14.679,-241.633,-149.645,-345.197,-316.087,-414.475,-492.490,-448.297,-437.288,-224.501,-396.823,-193.745,34.325,-303.680,-77.820,82.733,-246.449,-302.070,-522.594,-425.915,-210.254,-314.328,-293.319,-213.879,-152.834,-224.670,-2.721,-65.909,-376.052,-340.550,-424.779,-706.669,-286.784,-5.816,34.177,110.075,225.443,55.132,197.589,-105.581,-222.336,67.344,136.068,-174.312,-320.993,-395.725,-576.821,-393.178,-172.831,-199.161,-194.140,-253.217,-663.900,-724.656,-826.679,-808.004,-681.449,-412.309,-266.806,-201.356,-191.839,-418.787,-90.583,-86.841,-52.626,-19.591,-34.466,-38.409,51.850,41.560,433.224,382.925,603.922,384.645
684.551,758.552,753.986,494.807,63.921,48.395,110.532,-71.268,-205.516,-36.491,-61.903,-32.104,-2.962,223.222,168.469,37.263,-176.833,-45.388,-245.800,-162.380,-226.018,-280.704,-334.227,-367.684,-197.345,-356.496,-22.752,131.230,-217.708,-5.419,272.125,-106.754,-83.431,-330.033,-126.275,57.497,-65.688,-139.853,-105.977,-148.851,-236.945,-6.931,-46.006,-108.165,-165.603,-274.937,-720.495,-289.494,-6.197,-66.608,-3.137,48.293,-116.851,-25.373,-459.855,-479.955,-154.840,3.030,-129.474,-184.117,-274.282,-551.936,-256.583,-194.107,-59.921,126.430,112.559,-272.415,-339.831,-354.694,-332.540,-151.676,96.673,328.953,468.249,403.713,252.971,565.525,484.314,552.292,629.176,650.791,575.953,568.379,465.207,715.833,634.570,848.670,696.741
634.782,611.741,674.566,453.475,62.618,76.299,60.004,-146.513,-240.807,-90.734,-92.564,-7.404,118.978,297.569,271.282,119.799,-28.922,21.732,-173.243,-111.276,-99.106,-86.820,-189.586,-254.279,-154.306,-324.519,54.545,107.427,-193.101,-54.825,261.527,-46.403,-20.228,-255.568,31.295,102.630,25.834,-52.124,-69.627,-193.945,-290.908,-158.998,-199.257,-54.211,-156.292,-228.001,-726.351,-351.530,-147.969,-317.432,-291.501,-294.729,-395.740,-351.552,-801.138,-679.551,-377.207,-228.038,-246.806,-199.422,-217.182,-511.651,-186.511,-244.282,-9.539,301.118,339.034,66.395,37.760,131.857,129.288,272.968,408.720,669.238,858.795,715.857,708.084,978.637,874.422,928.865,1059.237,1076.434,978.616,902.181,763.907,778.318,630.506,774.054,747.863
651.385,529.792,615.467,469.400,205.669,213.186,99.622,-122.232,-158.756,-50.987,-72.997,31.154,243.608,340.931,365.675,228.304,136.220,42.630,-117.875,-126.798,-19.033,52.829,-54.396,-141.027,-95.308,-268.844,65.098,33.400,-191.707,-174.625,70.009,-75.191,-99.460,-280.032,23.957,-66.568,-65.957,-95.663,-160.175,-303.678,-397.818,-406.144,-476.634,-221.748,-326.112,-294.131,-736.287,-459.780,-381.706,-609.657,-612.061,-670.681,-670.545,-651.490,-999.889,-749.011,-495.464,-429.340,-418.410,-327.154,-225.859,-458.722,-183.915,-282.222,-36.392,306.677,387.419,274.511,312.211,479.105,424.156,472.071,436.483,639.428,857.005,642.366,780.399,982.114,921.767,942.590,1117.428,1086.115,1018.648,929.658,806.809,582.953,346.914,391.905,532.989
682.422,519.518,593.815,544.367,440.756,391.593,175.579,-62.328,-46.393,13.108,-42.962,44.030,300.104,313.847,404.287,320.929,247.865,22.858,-54.652,-141.478,52.108,126.780,39.462,-68.627,-31.962,-178.096,53.122,-13.871,-170.311,-277.343,-194.316,-154.996,-242.129,-344.797,-101.474,-355.199,-283.373,-271.975,-374.267,-462.465,-545.713,-662.905,-773.436,-515.041,-600.986,-424.458,-738.843,-567.077,-619.112,-825.248,-824.789,-939.855,-838.005,-803.622,-980.646,-671.960,-463.664,-495.324,-517.675,-471.536,-261.855,-377.846,-200.615,-252.336,-80.781,198.359,305.712,357.077,457.052,625.780,513.717,459.098,251.302,318.862,552.997,285.659,507.258,621.212,638.939,639.224,827.251,713.260,707.680,664.392,589.307,214.659,-109.062,-156.573,149.612
682.679,570.418,623.057,651.155,677.960,542.919,239.288,-23.075,22.359,35.362,-37.947,15.850,252.298,213.008,363.485,364.633,264.283,-22.094,34.488,-100.987,139.815,139.429,75.233,-61.656,12.671,-76.843,49.454,6.159,-107.483,-289.640,-394.842,-227.872,-352.501,-389.334,-262.297,-631.800,-514.123,-513.141,-641.534,-621.938,-695.018,-844.086,-973.556,-779.490,-849.964,-532.247,-701.927,-606.827,-762.439,-881.982,-850.703,-1010.825,-843.371,-745.150,-752.959,-494.633,-315.753,-398.784,-473.881,-542.463,-282.243,-258.063,-179.695,-127.563,-82.611,65.225,183.429,370.285,496.542,601.707,466.299,349.704,29.852,-73.556,175.210,-110.156,98.558,126.240,207.580,219.845,377.173,166.719,213.201,250.729,235.825,-155.349,-541.332,-656.358,-240.246
635.037,659.451,703.926,743.405,827.179,624.180,265.544,-30.148,17.455,-14.993,-72.919,-39.089,115.500,70.412,253.014,344.246,189.226,-73.790,142.498,2.076,232.498,98.551,52.833,-121.273,12.794,-17.227,54.300,78.147,-16.899,-193.374,-437.610,-250.147,-369.484,-383.573,-383.619,-788.371,-644.986,-711.441,-849.917,-717.872,-789.511,-895.368,-999.175,-873.853,-943.914,-533.785,-590.451,-522.337,-738.872,-759.379,-697.198,-871.082,-695.916,-495.200,-403.163,-302.011,-145.211,-203.800,-311.435,-507.605,-273.123,-114.590,-99.499,60.073,-27.602,-25.565,91.526,367.333,465.495,482.219,393.035,278.244,-53.347,-303.569,-42.340,-294.429,-182.159,-210.988,-115.067,-63.632,26.114,-269.189,-222.602,-104.757,-62.101,-350.331,-752.594,-909.983,-475.347
552.777,755.078,815.984,772.963,832.757,626.169,252.828,-76.992,-45.249,-123.506,-140.763,-90.313,-55.058,-65.878,108.570,262.093,64.519,-116.854,235.136,123.776,283.394,9.202,-13.289,-224.978,-45.776,-49.531,42.195,143.798,59.428,-35.381,-315.515,-213.211,-292.633,-338.113,-429.244,-781.979,-614.002,-770.659,-894.870,-699.508,-779.957,-810.029,-843.105,-735.957,-815.180,-389.833,-389.681,-297.972,-527.935,-498.263,-443.548,-583.711,-456.669,-142.496,-53.237,-175.695,-54.027,-28.759,-132.473,-405.758,-259.434,6.725,6.525,222.892,37.543,-63.021,43.560,358.805,377.867,332.763,371.600,314.015,74.200,-246.451,13.744,-143.874,-159.649,-191.884,-129.960,-38.787,-26.683,-371.564,-398.200,-230.454,-140.987,-273.439,-635.892,-822.818,-460.169
464.295,821.518,916.605,707.908,690.803,562.872,210.322,-140.815,-126.363,-245.091,-223.503,-114.565,-196.677,-157.749,-27.686,131.702,-55.202,-142.344,267.202,195.387,238.476,-122.335,-98.253,-333.350,-153.073,-187.649,-15.551,138.331,73.824,98.823,-104.361,-141.478,-171.913,-289.404,-407.196,-641.683,-436.958,-654.483,-730.200,-557.779,-650.187,-627.200,-569.851,-411.178,-490.654,-127.943,-121.826,23.457,-172.442,-179.352,-198.610,-256.078,-208.690,193.651,191.460,-155.413,-98.055,20.240,-53.605,-315.781,-284.814,48.609,67.201,257.876,32.157,-87.008,-0.541,312.001,225.031,178.499,403.763,425.700,346.400,54.522,284.447,275.901,163.487,184.755,198.850,298.349,258.205,-85.552,-245.794,-68.887,53.573,44.342,-225.899,-442.933,-202.412
390.556,824.572,951.017,544.022,443.457,452.052,143.025,-203.493,-192.817,-332.523,-307.095,-114.044,-273.445,-195.064,-127.450,-28.675,-130.958,-148.513,208.473,165.099,73.985,-279.079,-172.217,-402.220,-272.480,-390.151,-125.694,29.577,-0.622,132.757,83.996,-72.033,-71.405,-271.454,-352.390,-442.886,-196.861,-407.882,-395.954,-337.678,-432.277,-414.640,-286.322,-31.044,-82.976,165.309,153.635,347.667,231.142,106.374,-53.500,3.013,-25.596,409.819,280.408,-223.584,-257.130,-90.649,-133.376,-301.284,-374.504,-23.706,18.804,104.832,-103.522,-149.188,-93.136,187.600,2.712,13.611,429.088,511.990,603.935,424.574,585.609,751.887,615.224,723.606,722.819,781.421,740.762,451.480,142.266,299.141,439.585,457.184,314.628,62.271,191.701
328.714,739.292,871.221,305.379,155.316,300.542,45.685,-263.939,-236.611,-362.182,-389.475,-117.432,-292.500,-196.009,-186.328,-198.719,-156.042,-139.769,64.724,30.993,-179.067,-427.686,-207.344,-397.225,-352.193,-570.521,-261.043,-161.467,-153.404,42.247,163.933,-30.286,-30.621,-292.353,-300.369,-266.158,-2.829,-139.837,-8.273,-126.114,-200.992,-243.987,-96.680,246.988,256.120,379.124,357.673,560.108,560.623,283.280,-50.349,119.722,49.253,452.860,226.568,-319.635,-444.929,-302.223,-332.325,-365.109,-505.702,-193.672,-148.778,-209.303,-358.017,-266.095,-247.773,-12.518,-255.272,-162.436,381.453,476.665,693.313,664.507,723.445,1042.770,952.655,1137.173,1182.437,1159.583,1172.225,979.370,564.571,695.402,837.557,771.899,766.589,480.932,561.150
251.558,558.022,656.615,34.796,-114.962,103.410,-90.790,-335.330,-272.771,-343.487,-476.802,-161.943,-293.242,-190.568,-218.768,-354.957,-153.214,-124.454,-118.656,-153.395,-439.379,-524.192,-185.960,-306.484,-347.300,-634.576,-369.397,-368.835,-337.726,-128.943,119.736,-16.655,-46.006,-329.585,-268.235,-162.254,61.177,25.604,286.472,-17.869,-46.904,-167.488,-61.680,309.859,399.272,424.864,420.648,569.773,706.080,306.484,-176.865,73.398,8.769,331.002,86.342,-374.921,-552.821,-492.023,-529.476,-441.687,-606.703,-389.188,-373.836,-567.445,-635.068,-394.913,-412.307,-220.711,-464.792,-312.355,248.884,300.497,561.226,665.818,610.594,1009.149,995.074,1197.575,1338.170,1226.519,1320.316,1243.230,812.047,929.248,1055.888,837.361,950.499,648.076,753.944
123.853,296.183,327.537,-220.554,-333.890,-143.131,-265.514,-430.549,-320.472,-308.479,-571.068,-266.352,-316.368,-197.670,-241.862,-469.635,-155.853,-111.648,-273.733,-304.265,-608.787,-531.424,-108.136,-146.911,-242.601,-527.559,-398.965,-513.086,-488.565,-289.466,8.394,-11.076,-81.301,-345.928,-251.873,-138.485,-26.520,7.154,373.765,-73.467,-38.321,-203.015,-179.111,136.977,295.667,273.502,310.161,347.240,606.178,167.631,-382.697,-105.595,-123.264,101.917,-74.292,-348.808,-504.835,-539.063,-587.682,-433.426,-589.711,-510.161,-546.672,-807.881,-790.066,-449.225,-486.083,-323.431,-516.782,-360.249,95.878,64.848,289.200,468.900,316.640,684.497,719.366,855.615,1091.969,926.517,1086.087,1116.945,769.107,886.075,981.282,613.636,802.462,512.310,685.181
-72.536,-6.860,-54.608,-421.390,-495.212,-424.144,-456.531,-546.279,-381.489,-289.185,-658.349,-411.157,-371.748,-210.143,-258.477,-513.846,-184.903,-107.348,-340.028,-349.972,-618.358,-439.873,4.509,38.906,-64.475,-266.551,-326.364,-538.850,-548.955,-346.219,-77.703,9.229,-97.496,-315.186,-237.572,-168.605,-218.946,-194.745,221.256,-288.328,-188.987,-330.602,-391.147,-194.639,-10.318,-32.039,45.870,-59.904,270.758,-105.279,-604.786,-352.903,-302.803,-153.248,-208.359,-247.119,-296.101,-389.342,-432.680,-271.500,-401.841,-477.116,-565.676,-799.637,-701.691,-348.242,-374.674,-219.466,-332.216,-229.270,31.275,-89.056,48.252,233.145,25.756,250.787,268.149,265.585,537.889,384.021,554.345,662.352,466.024,578.670,631.668,189.400,396.895,149.980,367.361
-318.135,-293.392,-401.721,-541.701,-606.571,-696.178,-621.212,-656.629,-431.160,-296.668,-707.070,-539.087,-425.289,-196.996,-250.578,-466.342,-234.973,-111.206,-292.680,-267.959,-463.275,-279.632,111.894,195.336,125.615,60.055,-171.726,-439.172,-492.702,-252.050,-65.920,51.141,-81.836,-241.273,-217.738,-216.301,-426.245,-496.914,-106.152,-588.900,-447.459,-500.291,-612.353,-548.189,-400.648,-394.278,-305.106,-541.728,-218.722,-451.868,-788.662,-593.387,-477.080,-358.205,-298.550,-114.864,3.531,-87.771,-102.174,33.551,-66.033,-276.512,-396.236,-511.143,-342.357,-72.093,-52.110,114.776,82.755,102.491,139.381,-42.527,-0.531,138.324,-72.564,-64.285,-130.299,-294.941,-82.827,-157.012,-46.529,97.009,59.609,139.614,148.093,-258.646,-91.321,-275.877,-96.794
-552.175,-499.189,-623.573,-567.249,-670.798,-893.886,-710.009,-721.076,-428.775,-313.914,-679.828,-578.321,-414.335,-122.413,-187.770,-324.978,-277.144,-115.674,-154.754,-96.710,-207.953,-114.079,166.598,272.284,254.785,328.151,7.649,-255.510,-334.143,-31.036,54.552,98.461,-56.938,-158.418,-199.257,-257.163,-559.705,-771.243,-473.875,-859.728,-714.898,-648.529,-764.317,-788.383,-734.151,-699.823,-650.230,-965.197,-732.460,-788.515,-899.008,-762.944,-596.381,-463.198,-349.725,-9.590,280.923,239.993,263.411,381.775,313.630,22.737,-99.057,-35.991,191.633,309.958,406.490,592.327,616.201,563.781,416.582,224.757,197.803,275.320,104.158,-109.529,-283.862,-565.970,-498.134,-451.832,-454.248,-311.536,-245.302,-239.361,-268.788,-543.865,-464.975,-589.718,-553.872
-690.538,-569.537,-654.762,-491.563,-674.429,-952.511,-687.372,-702.885,-341.925,-306.311,-553.715,-477.941,-284.518,29.095,-47.089,-114.444,-276.320,-109.042,12.430,83.243,41.957,-15.119,130.679,243.363,269.735,432.791,142.335,-55.401,-121.733,231.344,226.446,120.883,-64.125,-111.698,-198.953,-287.424,-572.109,-903.183,-735.512,-990.789,-884.833,-718.593,-802.309,-837.414,-902.929,-862.080,-902.037,-1221.765,-1132.687,-1025.505,-920.814,-824.343,-626.806,-455.947,-373.297,28.378,429.385,446.297,485.946,623.383,590.164,294.017,190.944,440.834,710.702,658.487,844.778,1039.554,1083.457,999.379,755.045,611.409,555.054,589.568,480.948,115.360,-133.143,-432.069,-533.684,-371.271,-496.946,-372.300,-293.493,-391.882,-447.024,-549.023,-586.291,-676.077,-855.087
-659.771,-475.753,-475.744,-315.011,-591.479,-836.525,-548.988,-587.914,-170.289,-243.333,-338.027,-237.457,-27.730,236.071,166.925,115.745,-212.830,-81.975,136.304,188.991,187.096,-30.159,-7.407,116.871,161.118,336.288,182.269,99.342,81.002,428.131,356.634,93.695,-131.474,-128.907,-229.529,-316.917,-475.306,-842.718,-794.457,-924.083,-887.581,-679.357,-725.112,-701.375,-870.578,-850.193,-1005.152,-1263.664,-1317.762,-1092.027,-856.682,-774.974,-562.650,-361.681,-376.025,-7.558,392.471,430.818,437.867,630.082,640.074,410.451,327.991,723.470,1012.847,824.768,1092.252,1270.890,1304.200,1230.927,988.934,940.144,884.647,909.843,865.941,471.513,227.597,28.995,-189.998,41.279,-171.731,-57.643,-49.388,-247.498,-316.354,-272.453,-427.353,-519.961,-906.779
-432.993,-227.588,-121.681,-49.633,-401.331,-560.259,-326.073,-393.452,46.147,-118.721,-78.273,85.904,301.329,442.611,414.016,304.907,-95.748,-34.595,164.663,175.083,178.230,-156.750,-222.731,-64.927,-30.107,86.310,119.509,177.748,219.129,481.187,368.646,16.109,-246.980,-200.250,-285.712,-353.081,-327.903,-623.486,-641.268,-677.958,-719.150,-536.534,-567.607,-458.225,-677.785,-693.578,-950.149,-1114.576,-1254.305,-962.579,-724.791,-645.521,-433.322,-233.724,-359.879,-94.263,182.692,186.153,108.335,362.317,425.888,308.231,230.367,695.226,977.112,724.293,1046.421,1178.952,1187.666,1142.719,981.663,1049.793,1004.211,1045.939,1058.736,767.713,612.007,596.720,366.956,597.357,358.607,488.666,391.255,140.920,65.112,176.288,-71.354,-201.866,-699.191
-50.889,123.152,323.703,272.879,-110.777,-189.349,-74.111,-162.237,241.000,42.606,158.017,397.712,601.946,580.478,628.430,402.434,39.806,20.321,87.626,53.876,35.648,-338.398,-456.029,-238.402,-227.550,-204.733,-8.105,187.258,265.669,377.575,246.746,-83.294,-354.936,-278.367,-340.454,-387.496,-201.026,-341.788,-350.775,-337.699,-441.328,-331.902,-382.545,-216.512,-416.116,-462.701,-770.505,-851.906,-985.253,-673.147,-557.447,-489.303,-298.128,-136.427,-329.971,-197.956,-130.144,-201.366,-386.985,-102.675,22.379,23.830,-72.010,374.515,623.409,384.607,727.440,793.061,781.788,747.660,706.469,883.213,838.570,899.273,964.380,869.910,847.187,1025.457,892.292,1057.369,845.782,1021.796,849.140,621.577,539.202,625.358,330.116,144.572,-305.750
383.935,490.943,748.227,597.033,233.409,179.372,148.470,55.168,351.621,195.250,308.545,606.104,771.660,600.597,744.550,387.959,150.189,61.472,-59.036,-112.354,-163.780,-485.355,-629.182,-338.804,-348.999,-409.003,-133.326,162.837,230.008,175.073,47.734,-158.162,-380.314,-300.090,-355.115,-394.255,-140.714,-107.280,-42.347,-16.885,-153.191,-129.491,-220.561,-66.211,-184.401,-236.674,-525.740,-570.162,-610.559,-315.954,-396.529,-363.801,-225.871,-123.211,-301.071,-294.524,-451.432,-593.326,-857.741,-597.902,-409.327,-315.698,-443.950,-91.577,107.543,-59.597,274.825,272.900,257.652,194.813,272.958,521.542,464.580,522.786,647.391,770.444,862.494,1163.925,1178.634,1241.208,1071.410,1307.538,1142.236,1006.306,915.377,910.020,620.744,389.547,144.441
739.908,776.895,1040.727,850.244,551.108,451.592,301.273,220.442,350.001,296.100,343.858,662.127,756.458,498.251,726.470,281.197,206.097,70.197,-209.330,-241.726,-323.661,-512.019,-669.941,-321.070,-337.878,-437.835,-187.771,145.730,152.908,-24.973,-125.984,-167.434,-269.406,-219.310,-299.156,-342.184,-146.445,9.132,176.026,191.924,52.289,7.515,-115.691,-44.234,-48.090,-72.640,-278.579,-342.375,-248.013,-9.458,-282.587,-308.952,-264.136,-214.923,-294.136,-377.759,-697.511,-860.463,-1126.037,-937.002,-689.906,-547.425,-704.996,-494.271,-348.056,-424.802,-114.996,-163.265,-167.041,-291.405,-119.881,144.037,71.252,95.079,294.244,579.324,713.422,1014.657,1143.610,1101.134,941.478,1221.615,1160.393,1143.364,1046.864,932.591,696.029,453.437,510.033
905.072,896.870,1122.507,962.481,754.831,568.430,372.862,320.018,257.822,326.814,281.404,581.142,580.754,318.861,587.007,136.135,208.248,43.688,-293.407,-269.261,-370.198,-374.183,-537.701,-174.216,-183.419,-276.637,-129.531,163.471,90.112,-123.954,-178.114,-97.663,-24.660,-33.914,-168.904,-214.567,-176.197,4.155,252.711,253.795,126.125,40.980,-79.422,-127.739,-18.380,10.774,-75.070,-195.949,10.207,147.527,-239.049,-329.849,-411.300,-386.281,-322.162,-451.171,-818.915,-932.988,-1105.233,-994.589,-700.894,-547.537,-715.061,-659.045,-555.312,-563.240,-280.769,-341.881,-329.529,-514.032,-283.232,-66.196,-143.939,-177.704,105.073,446.096,531.502,707.718,848.614,725.453,517.428,792.899,901.559,971.315,883.681,690.732,532.333,326.370,682.058
831.531,809.126,971.734,893.040,784.591,524.517,377.687,364.619,136.962,303.457,178.168,434.704,340.187,140.646,385.924,21.035,187.043,2.383,-263.657,-172.181,-279.783,-89.163,-240.936,75.095,77.733,14.278,40.742,219.839,90.208,-69.715,-68.346,27.478,286.538,207.634,5.256,-25.249,-174.204,-65.282,206.434,198.783,78.704,-26.625,-102.297,-254.087,-57.292,31.401,65.968,-111.475,127.833,118.526,-258.503,-391.969,-606.858,-568.304,-373.973,-510.707,-804.846,-818.088,-832.298,-758.535,-437.181,-290.820,-443.645,-524.670,-444.594,-432.182,-172.553,-217.317,-198.080,-397.949,-139.056,-20.006,-85.391,-177.510,176.134,460.939,433.855,411.059,447.027,278.718,-25.344,176.713,458.717,535.496,483.694,267.643,183.048,59.195,616.044
556.319,531.415,632.412,652.390,635.358,364.299,342.442,377.500,59.474,267.455,104.364,316.529,158.796,41.709,206.743,-7.954,185.859,-14.946,-111.115,25.731,-81.724,270.135,160.701,370.241,377.200,330.534,280.143,296.928,174.388,121.746,165.121,155.899,556.114,424.323,168.286,178.984,-105.480,-119.381,105.983,98.631,-32.631,-152.494,-160.024,-354.257,-102.730,27.073,152.267,-42.079,130.025,-51.831,-300.130,-433.349,-749.551,-670.202,-408.816,-532.526,-673.335,-581.459,-440.533,-330.577,-7.956,134.527,12.094,-167.771,-91.782,-113.247,126.184,107.551,116.191,-27.349,232.785,229.681,185.353,57.748,440.689,594.919,448.084,232.773,96.064,-84.764,-485.582,-422.080,-29.561,-35.025,-18.089,-206.384,-249.658,-263.920,342.627
188.409,139.565,203.024,306.533,362.938,159.577,290.240,378.809,71.843,261.953,110.181,298.527,130.537,66.526,121.719,71.116,236.362,30.896,132.022,268.911,161.020,603.922,571.439,640.467,639.529,569.402,518.225,365.339,325.589,375.082,421.664,229.999,682.180,537.209,263.062,333.287,22.289,-101.043,29.458,26.790,-135.419,-270.488,-221.224,-382.410,-99.649,34.575,208.621,58.010,83.392,-254.559,-303.464,-390.902,-739.589,-615.761,-370.108,-477.595,-457.505,-308.016,-90.098,122.775,413.882,564.488,470.007,237.709,323.342,228.032,441.401,434.310,418.153,394.341,628.474,515.840,481.225,353.109,703.516,715.558,497.366,170.889,-118.292,-287.909,-725.197,-835.825,-437.524,-577.222,-465.264,-602.376,-652.070,-556.429,-45.495
-134.081,-254.489,-193.710,-42.043,63.735,-20.562,231.043,374.802,171.482,305.820,201.360,397.388,273.622,206.943,160.531,237.203,338.723,155.671,402.540,493.416,380.276,823.493,887.368,819.725,805.170,668.587,679.575,396.060,491.863,589.267,584.765,212.585,615.813,504.343,255.858,381.701,161.847,-4.636,25.815,23.365,-176.232,-318.349,-255.201,-328.953,-22.787,74.120,263.549,209.736,60.954,-363.674,-215.166,-230.540,-527.471,-380.623,-215.334,-314.148,-196.792,-64.950,106.157,443.589,669.084,831.608,745.796,504.953,605.043,422.085,594.306,568.802,528.141,643.143,819.937,646.492,591.917,492.966,751.413,669.155,453.930,135.404,-205.895,-347.454,-717.886,-991.041,-692.795,-949.998,-736.527,-832.263,-931.060,-752.302,-425.322
-299.127,-539.182,-451.265,-291.649,-163.723,-133.962,162.356,357.185,307.332,379.420,335.511,566.940,520.477,405.840,296.977,434.186,457.447,334.350,624.430,646.831,525.673,881.627,1028.241,863.320,843.901,622.190,706.567,369.144,604.103,680.021,575.901,103.409,384.464,339.656,152.705,304.212,252.956,126.640,97.728,82.453,-140.556,-263.646,-239.144,-214.579,117.485,144.962,337.208,400.411,108.592,-293.611,-17.175,32.787,-145.495,-12.958,52.497,-46.379,64.908,115.141,124.608,545.028,679.330,837.763,735.768,520.709,631.723,374.722,486.981,417.083,371.164,582.573,669.554,506.969,401.233,342.136,478.451,381.435,228.060,23.995,-240.219,-339.322,-539.918,-915.468,-785.493,-1076.396,-781.761,-867.950,-1033.510,-816.603,-683.544
-265.117,-641.553,-515.792,-381.646,-258.429,-174.264,77.991,311.917,404.461,430.866,441.449,719.321,748.776,581.273,460.103,592.225,535.915,501.969,729.875,697.738,573.688,783.371,962.357,758.436,756.565,470.794,576.255,277.859,602.552,612.273,389.735,-61.155,80.158,107.146,-1.420,130.618,257.649,231.233,211.344,166.019,-50.897,-117.081,-164.155,-72.501,285.600,231.408,434.097,591.713,227.837,-39.715,258.400,335.922,296.289,375.434,370.797,268.998,279.195,227.820,23.349,436.058,473.878,593.451,459.913,292.356,404.805,107.205,145.816,29.415,10.615,226.997,200.487,120.589,-44.970,-75.418,-44.833,-83.648,-161.787,-197.885,-294.758,-339.173,-315.559,-701.416,-749.789,-959.874,-627.413,-737.825,-952.272,-745.966,-751.723
-75.194,-552.402,-404.231,-317.070,-219.546,-163.033,-21.519,231.662,400.761,401.353,453.000,764.934,839.009,660.259,565.356,654.242,523.393,576.773,678.435,635.690,523.680,575.190,715.801,526.462,568.214,275.077,307.823,129.665,462.187,409.840,94.440,-224.400,-181.921,-106.728,-140.772,-67.115,183.923,268.347,323.163,233.400,52.351,72.700,-38.755,69.372,439.558,313.566,541.861,738.303,381.162,318.167,537.194,590.752,651.698,648.346,633.052,532.673,398.470,278.112,-104.512,201.899,166.009,206.730,46.212,-64.746,35.742,-261.064,-296.657,-428.517,-389.339,-270.462,-413.629,-363.828,-557.982,-584.231,-598.905,-544.015,-581.740,-462.642,-388.699,-374.766,-149.941,-450.982,-633.993,-672.687,-353.965,-506.646,-721.628,-563.662,-625.120
164.415,-327.782,-195.505,-164.955,-101.650,-131.555,-123.562,124.574,278.191,258.163,341.946,653.242,731.232,608.090,552.478,597.650,401.897,498.159,470.626,467.824,388.721,320.387,362.660,216.895,318.051,88.384,-40.752,-54.392,206.182,140.368,-201.597,-333.321,-314.480,-229.797,-206.752,-202.900,83.480,242.025,405.783,267.351,134.235,240.311,111.927,196.981,547.755,376.110,635.604,806.943,514.784,651.459,731.758,720.384,800.495,700.559,731.385,639.921,389.655,266.181,-186.755,-44.554,-105.700,-170.235,-333.507,-389.705,-317.575,-575.770,-669.250,-760.262,-651.105,-697.156,-933.514,-749.197,-902.694,-947.796,-926.588,-790.426,-845.811,-633.490,-473.787,-415.801,-83.793,-232.483,-476.948,-323.694,-58.154,-248.521,-405.499,-312.403,-359.016
332.203,-65.542,3.038,-22.648,14.910,-102.613,-206.184,14.578,73.956,19.193,135.045,396.898,454.303,441.945,413.781,443.646,199.927,262.294,152.346,217.775,189.609,73.777,-0.499,-105.669,50.418,-59.060,-386.506,-241.923,-99.448,-115.620,-399.459,-359.242,-294.539,-233.776,-173.489,-214.065,23.349,195.937,457.090,280.712,179.393,331.071,252.341,307.081,596.706,411.036,686.006,787.397,585.941,841.064,779.046,691.643,701.958,505.399,607.636,529.821,251.649,188.344,-205.325,-213.423,-240.538,-409.259,-542.670,-554.503,-529.258,-722.709,-842.635,-834.306,-673.735,-884.992,-1168.721,-889.291,-919.311,-992.731,-868.552,-699.077,-816.028,-585.465,-467.953,-402.640,-88.731,-65.976,-300.569,-18.473,183.731,-22.540,-80.532,-45.265,-44.320
343.927,133.850,100.780,27.780,64.131,-81.022,-247.024,-66.832,-133.245,-244.252,-92.852,69.588,114.431,224.663,200.487,250.979,-14.142,-63.690,-192.883,-72.572,-44.770,-133.254,-286.811,-378.404,-191.896,-160.243,-643.471,-394.690,-369.358,-296.900,-451.646,-306.453,-168.759,-144.142,-59.929,-91.879,46.354,182.307,489.315,300.427,190.950,322.407,347.146,397.622,588.580,414.930,669.019,691.893,580.599,829.822,668.024,528.187,413.323,131.379,287.313,221.883,25.941,51.614,-191.149,-266.932,-213.088,-456.002,-535.149,-518.852,-558.299,-676.369,-782.397,-642.117,-478.662,-785.986,-1062.662,-756.635,-604.807,-699.150,-449.121,-302.845,-483.140,-286.172,-313.263,-292.513,-98.674,62.674,-116.871,174.341,338.084,142.117,183.797,185.995,227.958
186.833,206.053,61.365,-42.542,25.634,-56.093,-233.086,-92.880,-255.268,-430.181,-247.068,-220.708,-150.878,42.193,3.948,96.408,-157.051,-360.102,-464.724,-343.496,-274.455,-293.007,-446.276,-556.563,-373.115,-220.813,-748.037,-478.354,-531.576,-381.290,-377.242,-206.462,-26.643,-26.753,77.070,109.798,142.819,224.228,507.878,340.156,178.201,230.170,373.025,459.861,533.016,384.747,574.693,546.024,513.843,644.030,443.432,297.716,62.796,-282.425,-123.010,-181.208,-209.762,-111.186,-188.583,-217.916,-70.244,-340.220,-362.137,-336.584,-451.968,-499.722,-551.063,-291.490,-189.076,-483.002,-706.544,-445.081,-111.079,-208.708,134.772,219.847,18.927,172.617,-21.938,-93.275,-55.286,174.422,60.299,239.811,415.554,248.372,344.073,344.177,399.336
-78.653,145.095,-84.257,-197.505,-67.724,-12.765,-166.038,-51.839,-230.517,-446.188,-251.075,-371.760,-231.702,-26.551,-80.974,48.215,-163.861,-501.803,-576.376,-526.532,-450.036,-410.754,-477.955,-624.374,-470.005,-247.459,-680.361,-474.786,-555.557,-386.226,-245.297,-102.080,44.137,42.296,166.143,293.868,251.049,295.242,496.612,380.468,143.788,98.196,327.018,478.341,439.658,316.555,412.601,377.483,415.097,374.617,183.684,79.612,-210.608,-583.591,-477.031,-530.582,-367.287,-240.881,-215.151,-105.940,105.315,-146.288,-132.167,-115.030,-303.699,-299.601,-263.509,57.031,42.970,-134.793,-279.590,-109.959,337.479,252.712,615.695,634.102,475.320,613.231,317.962,135.640,58.477,275.329,209.273,212.174,454.247,321.304,394.686,417.338,460.619
-348.749,0.321,-255.517,-356.311,-149.077,55.854,-60.811,48.986,-48.698,-250.601,-78.534,-324.868,-91.021,62.752,4.183,141.283,-15.483,-414.964,-485.816,-564.325,-523.764,-491.515,-422.983,-596.661,-477.047,-242.904,-473.783,-391.992,-463.055,-352.592,-136.922,-29.507,-1.707,10.307,151.801,360.869,288.743,330.315,421.704,371.582,80.290,-22.949,227.481,438.984,315.828,209.026,211.716,208.499,308.423,129.126,-35.741,-70.606,-321.060,-671.174,-651.073,-693.578,-384.366,-272.392,-243.626,30.748,242.413,36.519,50.861,47.227,-193.135,-165.034,-23.805,273.829,120.094,111.321,48.165,117.461,560.697,494.017,793.348,767.606,696.842,860.479,581.477,314.427,212.433,352.028,304.839,152.136,493.531,390.172,366.558,421.329,446.449
